12, 30, 12

0, 2.61802, 1.61803
0, 2.61802, -1.61803
0, -2.61802, -1.61803
0, -2.61802, 1.61803
2.61802, 1.61803, 0
2.61802, -1.61803, 0
-2.61802, -1.61803, 0
-2.61802, 1.61803, 0
1.61803, 0, 2.61802
-1.61803, 0, 2.61802
-1.61803, 0, -2.61802
1.61803, 0, -2.61802

0, 5
5, 9
9, 4
4, 3
3, 0
0, 10
10, 4
4, 7
7, 11
11, 0
3, 7
7, 8
8, 2
2, 4
8, 6
6, 0
5, 6
6, 11
11, 3
3, 10
10, 5
10, 9
9, 1
1, 5
1, 8
8, 11
2, 7
1, 2
1, 6
9, 2

0, 10, 4, 7, 11
0, 11, 8, 1, 5
0, 5, 9, 4, 3
0, 3, 7, 8, 6
0, 6, 1, 9, 10
2, 9, 5, 6, 8
2, 8, 11, 3, 4
2, 4, 10, 5, 1
2, 1, 6, 11, 7
2, 7, 3, 10, 9
1, 8, 7, 4, 9
3, 11, 6, 5, 10
