20, 30, 12

1, 1, 1
-1, 1, 1
1, -1, 1
-1, -1, 1
1, 1, -1
-1, 1, -1
1, -1, -1
-1, -1, -1
0, 0.61803, 1.61803
0, -0.61803, 1.61803
0, 0.61803, -1.61803
0, -0.61803, -1.61803
0.61803, 1.61803, 0
-0.61803, 1.61803, 0
0.61803, -1.61803, 0
-0.61803, -1.61803, 0
1.61803, 0, 0.61803
-1.61803, 0, 0.61803
1.61803, 0, -0.61803
-1.61803, 0, -0.61803

0, 8
0, 12
0, 16
1, 8
1, 13
1, 17
2, 9
2, 14
2, 16
3, 9
3, 15
3, 17
4, 10
4, 12
4, 18
5, 10
5, 13
5, 19
6, 11
6, 14
6, 18
7, 11
7, 15
7, 19
8, 9
10, 11
12, 13
14, 15
16, 18
17, 19

0, 12, 13, 1, 8
0, 8, 9, 2, 16
0, 16, 18, 4, 12,
1, 13, 5, 19, 17
1, 17, 3, 9, 8
2, 9, 3, 15, 14
2, 14, 6, 18, 16
3, 17, 19, 7, 15
4, 18, 6, 11, 10
4, 10, 5, 13, 12
5, 10, 11, 7, 19
6, 14, 15, 7, 11
