24, 36, 14

0, 1, 2
0, -1, 2
0, 1, -2
0, -1, -2
0, 2, 1
0, -2, 1
0, 2, -1
0, -2, -1
1, 0, 2
-1, 0, 2
1, 0, -2
-1, 0, -2
1, 2, 0
-1, 2, 0
1, -2, 0
-1, -2, 0
2, 0, 1
-2, 0, 1
2, 0, -1
-2, 0, -1
2, 1, 0
-2, 1, 0
2, -1, 0
-2, -1, 0

0, 4
0, 8
0, 9
1, 5
1, 8
1, 9
2, 6
2, 10
2, 11
3, 7
3, 10
3, 11
4, 12
4, 13
5, 14
5, 15
6, 12
6, 13
7, 14
7, 15
8, 16
9, 17
10, 18
11, 19
12, 20
13, 21
14, 22
15, 23
16, 20
16, 22
17, 21
17, 23
18, 20
18, 22
19, 21
19, 23

0, 4, 12, 20, 16, 8
0, 4, 13, 21, 17, 9
0, 8, 1, 9
1, 5, 14, 22, 16, 8
1, 5, 15, 23, 17, 9
2, 6, 12, 20, 18, 10
2, 6, 13, 21, 19, 11
2, 10, 3, 11
3, 7, 14, 22, 18, 10
3, 7, 15, 23, 19, 11
4, 12, 6, 13
5, 14, 7, 15
16, 20, 18, 22
17, 21, 19, 23
