24, 36, 14

0.41421, 1, 1
-0.41421, 1, 1
0.41421, -1, 1
0.41421, 1, -1
-0.41421, -1, 1
0.41421, -1, -1
-0.41421, 1, -1
-0.41421, -1, -1
1, 0.41421, 1
1, -0.41421, 1
1, 0.41421, -1
-1, 0.41421, 1
1, -0.41421, -1
-1, 0.41421, -1
-1, -0.41421, 1
-1, -0.41421, -1
1, 1, 0.41421
1, 1, -0.41421
1, -1, 0.41421
-1, 1, 0.41421
1, -1, -0.41421
-1, -1, 0.41421
-1, 1, -0.41421
-1, -1, -0.41421

0, 1
0, 8
0, 16
1, 11
1, 19
2, 4
2, 9
2, 18
3, 6
3, 10
3, 17
4, 14
4, 21
5, 7
5, 12
5, 20
6, 13
6, 22
7, 15
7, 23
8, 9
8, 16
9, 18
10, 17
10, 12
11, 14
11, 19
12, 20
13, 15
13, 22
14, 21
15, 23
16, 17
18, 20
19, 22
21, 23

0, 1, 11, 14, 4, 2, 9, 8
0, 1, 19, 22, 6, 3, 17, 16
0, 8, 16
1, 11, 19
2, 4, 21, 23, 7, 5, 20, 18
2, 9, 18
3, 6, 13, 15, 7, 5, 12, 10
3, 10, 17
4, 14, 21
5, 12, 20
6, 13, 22
7, 15, 23
8, 9, 18, 20, 12, 10, 17, 16
11, 14, 21, 23, 15, 13, 22, 19
